0.02
0.25
0.12
-0.18
-0.10
0.20
0.30
0.14
0.28
-0.09
0.04
0.06
0.22
0.20
0.23
0.12
0.10
0.09
0.03
-0.08
-0.09
0.28
0.34
0.18
0.08
0.00
0.10
0.11
0.09
0.03
-0.18
0.10
0.10
-0.02
0.15
0.40
0.26
0.33
0.48
0.26
0.44
0.56
0.50
0.32
0.29
0.39
-0.09
0.14
0.33
0.51
0.13
0.14
0.44
0.43
0.70
0.66
0.48
0.44
0.41
0.64
0.77
0.49
0.29
0.46
0.52
0.45
0.40
0.52
0.30
0.56
1.02
0.83
0.50
0.92
1.00
0.98
1.08
0.99
1.10
1.13
0.72
0.62
0.59
0.71
0.90
0.58
0.73
1.01
0.87
0.48
0.63
0.90
0.93
0.61
0.83
1.09
0.78
0.91
0.80
0.56
0.46
0.98
1.12
0.70
0.75
0.90
0.99
0.79
0.58
0.76
0.78
0.63
0.50
0.67
0.63
0.46
0.34
0.73
0.61
0.55
0.61
0.57
0.78
0.64
0.78
0.74
0.85
0.61
0.44
0.75
0.90
0.56
0.53
0.35
0.57
0.57
0.57
0.42
0.56
0.20
0.17
0.52
0.58
0.40
0.09
0.15
0.30
0.40
0.50
0.81
0.48
0.51
0.20
0.56
0.63
0.52
0.42
0.39
0.48
0.53
0.35
0.46
0.38
-0.10
0.09
0.40
0.55
0.70
0.55
0.68
0.67
0.66
0.31
0.37
0.30
0.33
0.32
0.35
0.48
0.50
0.30
0.45
0.42
0.43
0.19
0.10
0.02
0.30
0.98
0.96
0.71
0.37
0.67
0.70
0.34
0.53
0.62
0.52
0.40
0.58
0.64
0.82
0.63
0.22
0.48
0.60
0.77
0.89
0.43
0.48
0.70
0.77
0.64
0.50
0.44
0.64
0.64
0.31
0.30
0.16
0.66
1.00
0.81
0.97
1.00
0.47
0.41
0.73
0.87
0.81
0.97
1.16
1.29
1.51
1.60
1.69
1.89
2.05
1.93
2.51
3.13
4.17
5.26
9.87
12.17
14.39
16.35
19.93
25.51
33.16
38.45
41.65
47.16
57.11
70.84
81.37
90.45
100.81
115.64
128.38
137.42
141.93
135.99
137.54
145.93
163.20
186.17
222.10
260.98
317.93
387.69
474.21
587.85
655.32
641.15
682.89
680.03
623.36
641.90
756.50
991.75
1204.54
1282.46
1261.69
1274.63
1386.74
1433.59
1283.34
1124.85
991.82
854.81
665.63
734.32
1021.98
1317.95
1206.34
795.97
501.23
317.64
159.70
68.77
25.81
-13.50
-34.01
-38.89
-48.78
-56.88
-63.40
-67.89
-69.73
-70.44
-70.63
-74.37
-76.90
-77.69
-78.87
-79.89
-80.53
-80.86
-80.99
-81.45
-81.31
-81.63
-81.57
-81.41
-81.75
-81.33
-81.30
-81.27
-81.05
-81.00
-80.64
-80.40
-79.95
-79.91
-79.90
-79.53
-79.55
-79.60
-79.36
-79.13
-79.23
-78.82
-78.73
-78.52
-78.53
-78.78
-78.72
-78.71
-78.52
-78.39
-78.17
-78.18
-78.67
-78.71
-78.41
-78.23
-78.20
-78.01
-77.80
-77.79
-77.77
-77.69
-77.56
-77.48
-77.27
-76.93
-77.24
-77.60
-77.37
-76.95
-76.99
-76.99
-76.81
-77.10
-76.95
-76.74
-76.21
-76.27
-76.48
-76.52
-76.33
-76.25
-75.71
-75.49
-75.89
-75.92
-75.86
-76.29
-76.24
-76.84
-77.55
-77.31
-77.16
-76.76
-76.74
-76.80
-76.85
-76.98
-76.79
-76.15
-76.11
-76.34
-76.40
-76.24
-76.38
-76.40
-76.14
-75.84
-76.19
-76.34
-76.36
-75.97
-75.95
-76.18
-75.96
-76.32
-76.49
-76.48
-76.49
-76.56
-76.55
-76.76
-76.64
-76.44
-76.31
-76.24
-76.49
-76.61
-76.41
-76.19
-76.47
-77.12
-76.60
-76.40
-76.70
-77.01
-77.06
-76.92
-76.78
-76.68
-76.70
-76.72
-76.63
-76.86
-77.15
-77.14
-77.14
-76.85
-76.77
-76.86
-77.02
-77.22
-77.20
-77.31
-77.17
-77.23
-77.60
-77.62
-77.41
-77.47
-77.31
-77.29
-77.40
-77.78
-77.49
-77.50
-77.53
-77.59
-77.36
-77.43
-77.35
-77.59
-77.90
-77.83
-77.85
-77.81
-77.43
-77.40
-77.64
-77.92
-77.81
-77.86
-78.05
-78.01
-77.94
-77.81
-77.75
-77.76
-77.72
-77.76
-77.70
-78.04
-78.37
-77.98
-77.69
-77.93
-78.20
-78.08
-78.29
-77.70
-77.52
-77.71
-77.80
-77.55
-77.82
-77.70
-77.67
-77.60
-77.56
-77.82
-77.61
-77.43
-77.69
-77.60
-77.40
-77.82
-77.70
-77.51
-77.80
-77.97
-77.72
-77.53
-77.55
-77.81
-77.78
-77.90
-77.57
-77.79
-77.71
-77.79
-77.64
-77.47
-77.42
-77.60
-77.80
-77.98
-77.93
-77.60
-77.34
-77.41
-77.64
-77.62
-77.77
-77.64
-77.52
-77.60
-77.84
-77.66
-77.66
-77.98
-77.96
-78.20
-78.07
-77.96
-78.20
-78.18
-78.27
-77.93
-77.74
-77.76
-78.07
-78.32
-78.19
-78.26
-78.20
-78.00
-78.00
-77.88
-78.05
-78.11
-77.94
-78.26
-78.32
-78.29
-78.47
-78.13
-77.89
-77.91
-77.96
-78.05
-78.16
-77.84
-77.61
-77.76
-77.92
-77.88
-78.25
-78.38
-78.26
-78.03
-77.81
-78.00
-78.06
-77.85
-78.09
-78.08
-78.28
-78.23
-78.23
-78.27
-77.66
-77.76
-77.97
-77.97
-77.99
-78.16
-78.22
-78.01
-77.92
-78.09
-78.09
-77.90
-77.88
-78.10
-78.35
-78.21
-78.23
-78.37
-78.40
-78.56
-78.63
-78.39
-78.44
-78.69
-78.77
-78.70
-78.50
-78.68
-78.74
-78.94
-78.77
-78.83
-79.13
-79.28
-79.09
-79.34
-79.05
-78.96
-79.28
-79.19
-78.97
-79.01
-79.18
-79.26
-79.14
-79.17
-79.24
-79.27
-79.32
-79.23
-79.16
-79.27
-79.25
-79.39
-79.24
-79.42
-79.41
-79.04
-79.16
-79.32
-79.28
-79.48
-79.21
-79.10
-79.61
-79.64
-79.22
-79.00
-79.20
-79.82
-79.80
-79.73
-79.66
-79.87
-79.84
-79.88
-79.76
-79.34
-79.50
-79.57
-79.64
-79.92
-80.15
-79.94
-79.81
-79.56
-79.70
-79.88
-79.95
-79.82
-79.80
-79.91
-80.10
-79.93
-80.12
-79.99
-79.62
-79.58
-79.57
-79.74
-79.70
-79.64
-79.74
-79.80
-79.70
-79.64
-79.74
-80.04
-80.06
-80.08
-79.89
-80.00
-80.20
-79.97
-79.93
-80.08
-80.15
-80.02
-80.20
-80.16
-80.35
-80.31
-80.21
-80.34
-80.23
-80.40
-80.36
-80.27
-80.14
-80.03
-79.79
-79.98
-80.19
-80.19
-80.47
-80.41
-80.43
-80.49
-80.33
-80.25
-80.01
-80.22
-80.22
-80.40
-80.51
-80.41
-80.50
-80.14
-80.31
-80.23
-80.46
-80.45
-80.22
-80.59
-80.64
-80.75
-80.74
-80.87
-80.59
-80.43
-80.44
-80.58
-80.60
-80.65
-80.50
-80.23
-80.17
-80.22
-80.38
-80.81
-80.56
-80.32
-80.61
-80.86
-81.01
-80.95
-80.97
-81.28
-80.99
-80.63
-80.77
-80.91
-80.97
-80.75
-80.91
-80.90
-80.88
-80.68
-80.71
-80.89
-80.58
-80.76
-80.79
-80.72
-80.83
-80.81
-80.58
-80.74
-80.79
-80.54
-80.47
-80.60
-80.42
-80.40
-80.75
-80.92
-80.54
-80.57
-80.74
-80.90
-80.50
-80.53
-80.54
-80.69
-80.53
-80.52
-80.57
-80.81
-80.63
-80.79
-81.13
-81.28
-80.60
-80.46
-80.61
-80.89
-81.07
-81.03
-80.85
-81.00
-80.89
-80.54
-80.62
-80.88
-81.18
-81.10
-80.87
-80.65
-81.02
-81.22
-81.06
-81.23
-81.33
-80.87
-80.92
-81.23
-81.11
-81.24
-81.22
-81.15
-81.51
-81.30
-81.22
-80.95
-81.19
-81.27
-81.38
-81.25
-81.05
-81.18
-81.30
-81.44
-81.41
-81.26
-81.52
-82.12
-81.94
-81.77
