start
unit: g
-0.36
-0.11
0.21
-0.13
-0.49
-0.32
-0.13
0.04
-0.53
-0.39
-0.37
-0.27
-0.04
-0.19
-0.35
-0.61
-0.14
-0.04
-0.05
-0.40
-0.46
-0.50
-0.32
-0.23
-0.25
-0.37
-0.38
-0.39
-0.22
0.20
0.18
-0.04
-0.43
-0.38
-0.44
-0.72
-0.61
-0.41
-0.70
-0.49
0.07
-0.25
-0.25
-0.17
-0.54
-0.33
-0.45
-0.51
-0.42
-0.31
-0.29
-0.42
-0.37
-0.20
-0.21
-0.41
-0.62
-0.34
-0.38
-0.57
-0.76
-0.75
-0.77
-0.48
-0.55
-0.67
-0.86
-0.81
-0.44
-0.42
-0.60
-0.73
-0.78
-0.84
-0.75
-0.60
-0.77
-0.46
-0.79
-0.98
-0.83
-1.14
-1.15
-0.93
-0.79
-0.60
-0.63
-0.59
-0.52
-0.95
-1.03
-0.47
-0.70
-1.15
-1.00
-0.97
-0.90
-0.76
-0.54
-0.76
-0.76
-1.04
-0.81
-0.94
-1.06
-0.75
-0.75
-0.88
-1.10
-1.14
-0.85
-0.83
-0.90
-0.57
-0.28
-0.27
-0.58
-0.49
-0.40
-0.53
-0.72
-0.56
-0.69
-0.72
-0.36
-0.50
-0.64
-0.43
-0.69
-0.59
-0.40
-0.83
-0.79
-0.73
-1.13
-1.32
-0.91
-0.67
-0.25
-0.17
-0.56
-0.88
-1.01
-0.77
-0.58
-0.52
-0.79
-0.87
-0.81
-0.91
-0.73
-0.80
-0.81
-0.60
-0.40
-0.30
-0.73
-0.76
-0.58
-0.32
-0.43
-0.69
-0.31
-0.70
-0.32
-0.02
start
unit: g
1.63
0.55
1.67
0.70
-0.88
-1.73
-2.50
-2.14
-1.65
-2.15
-2.41
-2.59
-2.60
-2.34
-2.50
-2.58
-2.91
-2.88
-2.97
-3.04
-2.87
-2.78
-2.84
-2.67
-2.54
-2.43
-2.51
-2.85
-2.71
-2.54
-2.74
-2.76
-2.82
-2.84
-2.92
-3.23
-3.10
-2.84
-2.98
-3.17
-3.16
-2.76
-2.87
-2.92
-2.92
-3.00
-2.95
-3.27
-3.22
-3.30
-2.98
-3.35
-3.04
-2.77
-3.05
-3.38
-3.08
-2.99
-3.17
-3.30
-3.41
-3.12
-2.99
-3.03
-3.00
-2.81
-3.09
-3.30
-3.29
-3.07
-2.99
-3.35
-3.46
-3.15
-3.33
-3.18
-3.00
-3.16
-3.18
-3.02
-3.37
-3.92
-3.62
-3.51
-3.62
-3.60
-3.45
-3.58
-3.67
-3.76
-3.87
-3.71
-3.69
-3.47
-3.64
-3.60
-3.25
-3.48
-3.65
-3.40
-3.11
-3.51
-3.45
-3.12
-3.37
-3.61
-3.86
-3.98
-3.86
-3.81
-3.77
-3.66
-3.44
-3.47
-3.59
-3.67
-4.11
-4.02
-3.77
-3.90
-3.64
-3.64
-3.72
-3.82
-3.75
-3.93
-4.02
-3.70
-3.71
-3.89
-3.93
-3.55
-3.54
-3.91
-3.95
-3.79
-3.71
-3.90
-3.91
-4.14
-4.07
-4.05
-4.09
-4.05
-3.90
-3.79
-4.05
-4.00
-3.93
-4.03
-4.09
-4.04
-4.22
-3.95
-4.03
-4.10
-4.21
-4.29
-4.17
-4.27
-4.49
-4.15
-4.35
-4.12
-4.32
-4.15
-4.07
-4.06
-4.30
-4.24
-4.02
-4.09
-4.40
-4.58
-4.30
-3.97
-4.08
-4.13
-4.50
-4.71
-4.42
-4.20
-4.20
-4.00
-3.88
-3.93
-4.12
-4.28
-4.03
-4.04
-4.43
-4.40
-4.45
-4.48
-4.05
-4.13
-4.18
-3.98
-4.00
-4.23
-4.20
-3.96
-3.82
-3.72
-3.88
-3.97
-3.91
-4.06
-4.07
-4.20
-4.09
-3.95
-3.75
-3.87
-4.16
-4.02
-4.15
-4.15
-4.46
-4.40
-3.90
-3.74
-4.08
-4.05
-3.94
-3.80
-3.67
-3.80
-3.94
-3.90
-4.15
-4.02
-3.78
-4.15
-4.10
-4.01
-3.77
-3.88
-3.90
-3.88
-4.10
-3.88
-3.62
-3.77
-4.02
-4.09
-3.87
-3.42
-3.59
-3.99
-4.23
-4.00
-3.65
-3.79
-3.89
-3.55
-3.70
-3.83
-3.63
-3.80
-4.12
-4.07
-4.17
-3.96
-3.75
-3.59
-3.42
-3.42
-3.41
-3.50
-3.65
-3.46
-3.70
-3.73
-3.57
-3.81
-3.70
-3.36
-3.25
-3.33
-3.42
-3.36
-3.54
-3.65
-3.47
-3.63
-3.89
-3.78
-3.52
-3.40
-3.08
-3.48
-3.80
-3.88
-3.70
-3.63
-3.95
-3.83
-3.87
-3.71
-3.46
-3.43
-3.27
-3.17
-3.46
-3.63
-3.60
-3.39
-3.52
-3.61
-3.41
-3.39
-3.29
-3.23
-3.28
-3.58
-3.58
-3.38
-3.76
-3.51
-2.94
-3.17
-3.71
-3.42
-3.36
-3.18
-3.25
-3.19
-3.12
-3.43
-3.53
-3.57
-3.65
-3.17
-3.20
-3.51
-3.61
-3.58
-3.82
-3.80
-3.60
-3.72
-3.37
-3.35
-3.40
-3.38
-3.12
-3.77
-3.50
-2.92
-2.85
-3.08
-3.26
-3.14
-3.49
-3.63
-3.45
-3.22
-3.30
-3.57
-3.59
-3.38
-3.30
-3.13
-3.52
-3.24
-3.43
-3.20
-3.24
-3.48
-3.20
-3.05
-3.04
-3.22
-3.30
-3.21
-3.35
-3.65
-3.78
-3.37
-2.95
-3.13
-3.30
-3.37
-3.12
-3.17
-3.18
-3.30
-3.28
-3.34
-3.61
-3.18
-2.50
-1.96
-1.10
-0.04
1.13
2.96
6.44
10.09
12.88
14.99
19.37
24.52
27.72
35.50
45.37
60.71
81.30
104.19
125.54
138.95
150.70
160.51
184.63
212.51
238.75
280.20
333.48
468.62
814.32
1311.56
1833.14
2359.09
2547.90
2976.10
3365.15
3358.33
3238.83
2992.78
2654.10
2449.91
2077.14
1365.96
560.84
158.18
16.06
-41.90
-66.41
-75.06
-78.78
-80.45
-81.70
-82.13
-82.26
-82.30
-82.31
-82.33
-82.34
-82.43
-82.28
-82.19
-81.82
-81.82
-81.98
-81.96
-81.88
-81.97
-81.89
-81.75
-81.77
-81.77
-81.69
-82.10
-81.97
-81.47
-81.68
-81.49
-81.63
-81.67
-81.52
-81.52
-81.28
-81.41
-81.67
-81.55
-81.74
-81.96
-81.97
-81.94
-81.59
-81.50
-81.82
-81.70
-81.63
-81.63
-81.94
-81.71
-81.86
-81.90
-81.84
-82.10
-82.25
-82.01
-81.86
-81.97
-81.84
-81.73
-81.84
-81.86
-81.88
-82.16
-81.83
-81.82
-81.85
-81.75
-81.80
-81.94
-82.47
-82.39
-82.16
-82.17
-82.48
-82.48
-82.11
-81.83
-82.00
-82.30
-82.03
-81.77
-82.00
-82.03
-81.76
-82.36
-82.88
-82.55
-82.82
-82.76
-82.37
-82.03
-82.35
-82.36
-82.25
-82.40
-82.47
-82.66
-82.25
-82.39
-82.22
-82.33
-82.60
-82.38
-82.50
-82.62
-82.35
-82.40
-82.40
-82.45
-82.47
-82.42
-82.58
-82.85
-83.12
-82.46
-82.56
-82.72
-82.94
-83.06
-83.22
-83.61
-83.40
-83.05
-82.95
-83.19
-83.24
-83.08
-83.01
-83.08
-82.76
-83.20
-83.42
-83.53
-83.42
-83.30
-83.50
-83.54
-83.39
-83.57
-83.15
-83.09
-83.26
-83.22
-83.57
-83.43
-83.33
-83.63
-83.51
-83.45
-83.84
-83.99
-83.72
-83.79
-84.24
-83.93
-83.80
-84.10
-84.07
-83.94
-84.11
-84.15
-84.18
-84.33
-84.65
-84.48
-84.28
-84.35
-84.37
-84.45
-84.52
-84.45
-84.31
-84.13
-84.02
-84.04
-84.33
-84.22
-84.29
-84.49
-84.34
-84.43
-84.28
-84.00
-84.29
-83.96
-84.18
-84.58
-84.48
-84.40
-84.07
-84.30
-84.39
-84.07
-83.93
-84.13
-84.46
-84.32
-84.28
-84.67
-84.54
-84.21
-84.22
-84.54
-84.61
-84.48
-84.31
-84.47
-84.30
-84.35
-84.33
-84.58
-84.74
-84.69
-84.56
-84.53
-84.99
-85.06
-84.67
-84.69
-84.39
-84.67
-84.57
-84.39
-84.66
-84.60
-84.41
-84.82
-84.96
-84.90
-84.77
-84.70
-84.69
-84.35
-84.58
-84.93
-84.77
-84.59
-84.73
-84.65
-84.53
-84.77
-84.77
-84.50
-84.40
-84.58
-84.65
-84.66
-84.59
-85.00
-84.87
-84.61
-84.65
-84.62
-84.58
-84.47
-84.73
-84.80
-84.72
-84.86
-84.94
-85.10
-85.03
-84.61
-84.50
-84.60
-84.68
-84.62
-84.88
-84.70
-84.70
-84.65
-84.66
-84.67
-84.73
-84.61
-84.90
-84.54
-84.50
-84.41
-84.46
-84.49
-84.83
-85.09
-85.10
-84.81
-84.67
-84.82
-84.92
-84.45
-84.57
-84.79
-84.79
-84.45
-84.66
-84.83
-84.80
-85.07
-85.03
-84.82
-85.12
-85.46
-85.31
-85.11
-84.98
-84.82
-84.85
-84.73
-84.86
-84.54
-85.01
-85.11
-85.04
-85.01
-84.88
-84.69
-84.57
-84.83
-84.92
-84.72
-84.95
-85.08
-85.30
-85.33
-85.10
-85.25
-84.99
-85.32
-85.53
-85.21
-85.05
-85.26
-85.07
-84.88
-85.11
-85.19
-85.23
-85.12
-85.26
-85.22
-84.84
-84.96
-85.05
-85.12
-84.92
-85.17
-85.07
-84.84
-85.29
-85.61
-85.35
-85.25
-85.26
-85.11
-85.26
-85.09
-85.04
-85.30
-85.26
-85.15
-84.59
-84.76
-84.98
-85.04
-85.27
-85.29
-85.24
-84.88
-85.20
-85.16
-85.10
-85.00
-84.94
-84.91
-84.98
-84.67
-84.73
-84.78
-84.97
-84.97
-85.12
-85.08
-84.80
-84.93
-85.09
-85.03
-85.13
-85.22
-85.25
-85.38
-85.15
-85.01
-84.96
-84.96
-85.26
-85.47
-85.23
-85.06
-85.04
-84.99
-84.91
-84.91
-85.53
-85.94
-85.65
-85.60
-85.37
-85.63
-85.62
-85.43
-85.43
-85.63
-85.49
-85.17
-85.22
-85.39
-85.16
-85.18
-85.31
-85.19
-85.18
-85.19
-85.62
-85.73
-85.18
-85.05
-85.54
-85.60
-85.36
-85.50
-85.21
-85.34
-85.45
-85.37
-85.57
-85.29
-85.38
-85.65
-85.82
-85.61
-85.13
-85.31
-85.44
-85.79
-85.59
-85.35
-85.46
-85.48
-85.71
-85.39
-85.49
-85.77
-85.59
-85.93
-85.77
-85.49
-85.60
-85.64
-85.56
-85.32
-85.31
-85.20
-85.14
-85.29
-85.27
-85.06
-85.01
-85.10
-85.31
-85.10
-85.25
-85.34
-85.67
-85.59
-85.19
-85.34
-85.29
-85.14
-85.13
-85.13
-84.81
-85.00
-85.37
-85.42
-85.47
-85.32
-84.87
-85.06
-85.16
-84.96
-85.20
-85.25
-85.01
-85.30
-84.99
-84.71
-84.88
-85.04
-84.87
-84.58
-84.65
-85.07
-85.10
-84.83
-84.67
-84.73
-84.61
-84.54
-84.90
-84.69
-84.83
-84.70
-84.53
-84.96
-84.92
-84.61
-84.82
-84.91
-84.72
-84.78
-84.61
-84.32
-84.47
-84.83
-85.08
-84.73
-85.06
-84.97
-84.70
-84.72
-84.81
-84.81
-84.92
-84.95
-85.00
-84.93
-84.85
-84.88
-84.54
-84.51
-84.43
-84.53
-84.83
-84.73
-84.50
-84.71
-84.78
-84.81
-84.89
-84.52
-84.61
-84.83
-84.92
-85.05
-85.16
-84.59
-84.45
-84.94
-85.36
-84.81
-84.74
-84.53
-85.15
-85.32
-84.94
-84.95
-84.81
-84.84
-84.87
-85.14
-85.30
-85.19
-85.05
-84.79
-84.88
-85.00
-85.15
-85.12
-85.36
-85.18
-85.05
-85.24
-85.15
-85.21
-85.23
-85.12
-85.28
-85.23
-85.31
-85.06
-85.05
-85.22
-85.21
-85.09
-85.25
-85.20
-84.98
-85.25
-85.36
-85.36
-85.38
-85.15
-85.26
-84.89
-84.83
-85.07
-85.20
-85.33
-85.45
-85.39
-85.41
-85.34
-85.38
-85.30
-85.25
-85.68
-85.50
-85.55
-85.49
-85.51
-85.63
-85.42
-85.33
-85.20
-85.55
-85.62
-85.67
-85.62
-85.66
-85.64
-85.53
-85.46
-85.68
-85.83
-85.82
-86.07
-85.99
-85.77
-85.37
-85.73
-85.81
-85.78
-85.91
-86.16
-85.63
-85.53
-85.94
-85.93
-85.86
-86.30
-86.24
-85.93
-85.80
-86.21
-86.38
-86.36
-86.26
-85.88
-86.03
-86.01
-86.07
-85.87
-85.89
-86.06
-86.16
-86.07
-86.16
-86.14
-86.01
-85.96
-86.09
-85.98
-85.99
-86.06
-86.30
-86.35
-86.61
-86.89
-86.52
-86.47
-86.55
-86.01
-86.07
-86.60
-86.31
-86.63
-86.69
-86.50
-86.24
-86.35
-86.23
-86.29
-86.33
-86.28
-86.50
-86.49
-86.20
-86.28
-86.27
-86.36
-86.29
-86.15
-86.12
-86.29
-86.34
-86.48
-86.53
-86.35
-86.16
-86.31
-86.34
-86.65
-86.40
-86.25
-86.06
-86.20
-86.40
-86.30
-86.35
-86.23
-86.02
-86.19
-86.22
-86.19
-86.44
-86.42
-86.61
-86.48
-86.23
-86.51
-86.83
-86.77
-86.43
-86.51
-86.92
-86.57
-86.72
-86.72
-86.60
-86.54
-86.76
-86.88
-86.57
-86.59
-86.50
-86.61
-86.52
-86.65
-86.78
-86.85
-86.76
-87.13
-87.20
-86.79
-86.60
-86.55
-86.74
-86.72
-86.14
-86.12
-86.71
-86.83
-86.63
-87.04
-87.17
-87.02
-86.96
-86.87
-86.96
-86.65
-86.94
-86.91
-86.63
-86.91
-86.72
-86.80
-86.65
-86.85
-86.98
-86.91
-86.85
-87.01
-87.00
-86.93
-86.93
-86.80
-86.78
-86.51
-86.36
-86.54
-86.65
-86.52
-86.49
-86.66
-86.96
-86.90
-86.78
-86.60
-86.82
-86.99
-86.80
-86.81
-86.94
-87.12
-87.03
-87.04
-87.01
-87.18
-87.09
-86.94
-87.19
-87.05
-87.06
-87.30
-86.92
-86.88
-86.80
-86.85
-87.17
-87.10
-86.99
-87.08
-87.11
-87.00
-86.85
-86.91
-86.91
-87.01
-87.31
-87.20
-86.91
-86.96
-87.01
-87.03
-87.05
-87.07
-87.07
-87.00
-86.94
-87.39
-87.51
-87.40
-87.34
-87.27
-87.50
-87.34
-87.11
-86.95
-87.15
-87.42
-87.43
-87.50
-87.36
-87.20
-87.60
-87.44
-87.45
-87.66
-87.62
-87.44
-87.49
-87.38
-87.33
-87.37
-87.37
-87.57
-87.55
-87.40
-87.13
-87.59
-87.53
-87.30
-87.50
-87.32
-87.50
-87.41
-87.16
-87.27
-87.40
-87.22
-86.96
-86.98
-87.35
-87.64
-87.60
-87.49
-87.45
-87.25
-87.34
-87.35
-87.38
-87.36
-87.33
-87.30
-87.29
-87.12
-87.38
-87.41
-87.34
-87.28
-86.99
-87.44
-87.38
-87.45
-87.55
-87.65
-87.38
-87.60
-87.26
-87.31
-87.63
-87.60
-87.59
-87.49
-87.15
-87.46
-87.59
-87.45
-87.48
-87.68
-87.78
-87.63
-87.61
-87.65
-87.46
-87.25
-87.38
-87.52
-87.55
-87.70
-87.41
-87.39
-87.70
-87.67
-87.60
-87.52
-87.55
-87.40
-87.27
-87.60
-87.69
-87.72
-87.59
-87.37
-87.48
-87.53
-87.30
-87.41
-87.66
-87.83
-87.83
-87.41
-87.42
-87.35
-87.39
-87.62
-87.54
-87.68
-87.77
-88.00
-87.32
-87.40
-87.80
-87.54
-87.58
-87.56
-87.50
-87.60
-87.81
-87.73
-87.40
-87.28
-87.87
-87.90
-88.00
-87.80
-87.56
-87.56
-87.60
-87.84
-87.73
-87.62
-87.47
-87.69
-87.87
-88.00
-88.18
-87.79
-87.61
-87.80
-87.83
-87.87
-87.92
-87.73
-87.59
-87.45
-87.48
-87.38
-87.55
-87.74
-87.64
-87.60
-87.56
-87.51
-87.34
-87.34
-87.62
-87.84
-87.61
-87.22
-87.24
-87.28
-87.41
-87.49
-87.60
-87.70
-87.29
-87.37
-87.02
-87.00
-87.00
-87.17
-87.20
-87.24
-87.39
-87.53
-87.29
-87.16
-87.37
-87.36
-87.15
-87.30
-87.51
-87.12
-87.00
-87.11
-86.95
-87.40
-87.32
-87.49
-87.31
-87.13
-87.13
-87.37
-87.44
-87.62
-87.70
-87.44
-87.06
-87.22
-87.50
-87.53
-87.42
-87.23
-87.21
-87.57
-87.62
-87.28
-87.66
-87.69
-87.49
-87.61
-87.83
-87.59
-87.31
-87.23
-87.36
-87.52
-87.61
-87.40
-87.25
-87.33
-87.03
-87.05
-87.01
-86.64
-86.79
-87.37
-87.60
-87.49
-87.19
-87.36
-87.53
-87.30
-87.26
-87.91
-87.85
-87.74
-87.73
-87.47
-87.07
-87.16
-87.47
-87.39
-87.37
-87.57
-87.56
-87.47
-87.45
-87.59
-87.82
-87.80
-87.85
-87.83
-87.31
-87.33
-87.54
-87.83
-87.51
-87.19
-87.41
-87.68
-87.44
-87.35
-87.57
-87.82
-88.12
-87.80
-87.53
-87.01
-86.68
-86.77
-86.68
-86.82
-87.29
-87.45
-87.37
-87.13
-87.04
-86.98
-86.78
-87.00
-87.09
-86.88
-86.88
-87.08
-87.04
-86.95
-86.86
-86.92
-86.86
-87.00
-86.92
-86.89
-87.14
-86.81
-87.03
-86.98
-86.90
-86.80
-86.65
-86.85
-86.94
-86.72
-87.16
-87.19
-86.69
-86.75
-86.67
-86.96
-87.29
-87.19
-87.22
-87.18
-87.10
-86.80
-86.94
-87.09
-86.96
-86.94
-86.77
-86.56
-86.42
-86.67
-86.81
-86.40
-86.56
-86.62
-86.94
-87.03
-87.20
-86.89
-86.56
-86.76
-86.66
-86.76
-87.05
-87.13
-86.90
-86.71
-87.02
-87.15
-86.78
-86.92
-86.92
-86.64
-86.53
-86.76
-86.84
-86.84
-86.70
-86.90
-86.80
-87.07
-86.62
-86.59
-86.44
-86.68
-86.42
-86.35
-86.59
-86.59
-86.58
-86.41
-86.49
-86.48
-86.41
-86.37
-86.42
-86.12
-86.43
-86.34
-86.46
-86.51
-86.70
-86.76
-86.44
-86.57
-86.46
-86.40
-86.66
-86.84
-86.95
-86.71
-86.71
-86.66
-86.45
-86.56
-86.77
-86.51
-86.74
-86.90
-86.72
-86.81
-86.49
-86.72
-86.81
-86.50
-86.54
-86.76
-86.70
-86.21
-86.55
-86.78
-86.80
-86.75
-86.58
-86.90
-86.86
-86.55
-86.80
-86.69
-86.75
-86.73
-86.74
-86.44
-86.29
-86.48
-86.61
-86.82
-86.63
-86.14
-86.26
-86.57
-86.47
-86.26
-86.26
-86.26
-86.14
-86.29
-86.49
-86.38
-86.38
-86.91
-86.68
-86.50
-86.46
-86.62
-86.56
-86.48
-86.52
-86.48
-86.41
-86.34
-86.36
-86.25
-86.45
-86.41
-86.23
-86.19
-86.16
-86.40
-86.47
-86.50
-86.57
-86.31
-86.17
-86.54
-86.24
-86.10
-86.26
-86.54
-86.40
-86.05
-86.24
-86.23
-86.54
-86.30
-86.14
-86.22
-86.00
-86.14
-86.14
-86.10
-86.01
-86.20
-86.24
-86.08
-85.71
-85.99
-86.19
-85.53
-85.81
-86.34
-86.24
-86.31
-86.23
-86.33
-86.48
-86.16
-86.27
-86.01
-86.10
-86.09
-86.00
-86.04
-86.31
-86.42
-85.75
-85.55
-85.75
-86.03
-85.71
-85.64
-85.86
-85.97
-85.56
-85.90
-86.26
-86.12
-86.06
-85.95
-86.06
-85.78
-85.82
-85.99
-85.75
-85.64
-85.90
-85.90
-85.77
-85.43
-85.42
-85.53
-85.91
-86.14
-86.15
-85.94
-85.87
-85.86
-85.97
-85.78
-85.29
-85.32
-85.71
-85.93
-85.80
-85.67
-85.55
-85.51
-85.38
-85.42
-85.42
-85.44
-85.50
-85.71
-85.60
-85.89
-85.73
-85.42
-85.42
-85.79
-85.54
-85.12
-85.21
-85.22
-85.22
-85.51
-85.46
-85.06
-85.17
-85.24
-85.08
-85.05
-84.87
-84.74
-84.55
-84.64
-84.91
-85.01
-84.94
-85.16
-85.19
-84.98
-85.10
-84.88
-84.81
-85.02
-84.92
-84.64
-84.89
-85.19
-84.93
-84.70
-84.82
-84.47
-84.65
-84.72
-84.65
-84.80
-84.83
-84.67
-84.60
-84.71
-84.46
-84.14
-84.35
-84.62
-84.70
-84.45
-84.14
-83.97
-84.36
-84.61
-84.76
-84.65
-84.65
-84.69
-84.50
-84.35
-84.14
-83.90
-83.91
-84.23
-84.30
-84.22
-84.19
-84.38
-84.40
-84.21
-84.00
-84.12
-84.25
-84.17
-83.99
-83.78
-83.83
-84.13
-84.10
-84.47
-84.39
-84.27
-83.98
-83.94
-83.76
-83.96
-83.90
-83.83
-84.12
-83.86
-83.96
-84.21
-83.73
-83.72
-84.03
-84.12
-83.93
-84.07
-83.90
-83.70
-83.53
-83.86
-83.98
-83.79
-83.51
-83.55
-83.69
-83.53
-83.62
-83.72
-83.49
-83.52
-84.02
-84.11
-83.94
-83.63
-83.81
-84.00
-84.02
-83.84
-84.00
-83.74
-83.76
-83.91
-83.71
-83.68
-83.69
-83.97
-83.92
-83.97
-83.56
-83.21
-83.55
-84.18
-83.82
-83.44
-83.32
-83.37
-83.61
-83.66
-83.96
-83.70
-83.38
-83.26
-83.23
-83.37
-83.71
-83.92
-83.72
-83.75
-83.79
-83.55
-83.46
-83.47
-83.81
-83.52
-83.51
-83.70
-83.46
-83.52
-83.72
-83.64
-83.44
-83.30
-83.18
-83.14
-83.33
-83.40
-83.26
-83.19
-83.48
-83.34
-83.47
-83.82
-83.71
-83.20
-83.27
-83.07
-83.29
-83.41
-83.41
-83.64
-83.60
-83.58
-83.85
-83.88
-83.88
-83.46
-83.42
-83.39
-83.71
-83.85
-83.50
-83.50
-83.20
-83.17
-83.20
-83.58
-83.55
-83.49
-83.90
-83.59
-83.52
-83.54
-83.47
-83.68
-83.37
-83.45
-83.61
-83.52
-83.51
-83.56
-83.59
-83.31
-83.04
-83.40
-83.59
-83.35
-83.70
-83.62
-83.48
-83.51
-83.40
-83.23
-82.95
-83.13
-83.31
-83.33
-83.27
-83.10
-82.95
-83.30
-83.38
-83.32
-83.30
-83.30
-83.41
-83.30
-83.28
-83.34
-83.23
-83.21
-83.39
-83.18
-82.90
-83.10
-83.32
-83.43
-83.43
-83.10
-82.64
-82.66
-82.91
-83.48
-83.34
-83.32
-83.35
-83.24
-83.31
-83.60
-83.43
-83.00
-82.80
-82.86
-83.07
-83.22
-83.28
-83.23
-82.95
-82.98
-82.88
-83.00
-83.21
-83.44
-83.25
-83.02
-83.07
-83.26
-83.34
-83.26
-83.11
-83.26
-83.50
-83.54
-83.46
-83.30
-83.38
-83.16
-82.97
-82.85
-83.00
-82.99
-82.70
-83.15
-83.40
-83.04
-83.00
-83.32
-83.13
-82.99
-82.96
-83.25
-83.52
-83.14
-82.95
-83.17
-83.47
-83.38
-82.93
-83.00
-83.21
-83.27
-83.36
-83.18
-83.40
-83.35
-83.38
-83.63
-83.38
-83.32
-83.10
-83.04
-83.08
-83.21
-83.40
-83.12
-83.02
-83.05
-83.12
-82.80
-83.13
-83.63
-83.36
-82.96
-82.99
-83.24
-83.40
-83.37
-83.23
-83.25
-83.30
-83.27
-83.40
-83.13
-83.01
-83.24
-83.53
-83.27
-83.37
-83.65
-83.62
-83.40
-83.73
-83.23
-83.47
-83.56
-83.66
-83.76
-83.44
-83.38
-83.65
-83.75
-83.67
-83.60
-83.65
-83.55
-84.01
-84.04
-83.76
-83.66
-83.26
-83.34
-83.46
-83.66
-83.63
-83.94
-83.55
-83.61
-83.68
-83.58
-83.56
-83.65
-83.64
-83.71
-83.67
-83.69
-83.94
-83.89
-83.39
-83.70
-83.98
-83.71
-83.69
-83.78
-83.81
-83.72
-83.54
-83.48
-83.82
-83.89
-83.55
-83.60
-83.45
-83.46
-83.60
-83.77
-83.76
-83.74
-83.63
-83.67
-83.57
-83.60
-83.94
-83.69
-83.67
-83.96
-83.86
-83.70
-83.73
-83.71
-83.48
-83.40
-83.45
-83.53
-83.67
-83.75
-83.58
-83.60
-83.55
-83.45
-83.48
-83.27
-83.40
-83.33
-83.49
-83.69
-82.76
-89.88
-101.35
-98.89
-88.71
-85.71
-99.78
-141.01
-221.30
-264.77
-280.05
-282.91
-282.97
-282.90
-282.87
-282.72
-282.46
-282.78
-282.70
-282.58
-282.55
-282.36
-282.33
-283.00
-284.06
-283.76
-283.84
-283.49
-283.63
-284.04
-283.50
-283.47
-283.47
-283.50
-283.43
-283.20
-283.01
-283.03
-283.16
-283.08
-283.26
-283.05
-283.11
-282.63
-282.49
-282.84
-283.03
-282.78
-282.70
-282.65
-282.71
-282.82
-282.80
-282.43
-282.56
-282.50
-282.51
-282.92
-283.17
-282.75
-282.74
-282.64
-282.31
-282.40
-282.76
-283.14
-283.27
-282.92
-282.72
-282.74
-282.84
-282.81
-282.90
-282.74
-282.71
-282.78
-282.53
-282.68
-282.80
-282.88
-282.75
-282.84
-282.97
-282.83
-282.75
-282.86
-282.81
-282.70
-282.56
-282.70
-282.76
-282.67
-282.62
-282.79
-282.60
-282.40
-282.41
-282.34
-282.72
-282.66
-282.54
-282.86
-282.70
-282.54
-282.28
-282.15
-282.62
-282.86
-282.73
-282.74
-282.69
-282.67
-282.72
-282.77
-282.82
-282.66
-282.70
-282.93
-282.48
-282.42
-282.25
-282.26
-282.22
-282.11
-282.16
-282.29
-282.41
-282.18
-282.40
-282.37
-282.34
-282.11
-281.87
-282.36
-282.17
-282.08
-282.31
-282.76
-282.25
-282.30
-282.45
-282.35
-282.30
-282.60
-282.29
-282.16
-282.16
-282.44
-282.47
-282.27
-282.40
-282.55
-282.39
-282.22
-282.28
-282.47
-282.46
-282.22
-282.20
-282.40
-282.43
-282.48
-282.50
-282.07
-281.99
-282.21
-282.19
-282.26
-282.31
-282.21
-282.04
-282.03
-281.84
-282.33
-282.49
-282.32
-282.37
-282.20
-282.13
-282.03
-281.65
-282.18
-281.97
-281.99
-282.10
-282.00
-281.76
-281.85
-281.77
-281.93
-281.95
-281.75
-281.80
-281.82
-281.70
-281.65
-281.81
-281.98
-281.92
-281.97
-281.73
-281.63
-281.75
-281.58
-281.55
-281.95
-282.49
-282.11
-281.80
-281.90
-281.90
-281.74
-281.66
-281.76
-281.56
-281.79
-281.76
-281.77
-281.76
-281.71
-281.58
-281.36
-281.52
-281.65
-281.45
-281.22
-281.05
-281.21
-281.65
-281.37
-281.03
-281.30
-281.40
-281.25
-281.21
-280.88
-280.88
-281.12
-281.46
-281.38
-281.17
-281.51
-281.65
-281.64
-281.64
-281.65
-281.71
-281.45
-281.38
-281.14
-281.50
-281.40
-281.35
-281.42
-281.62
-281.23
-281.08
-281.39
-281.41
-281.18
-281.12
-281.27
-281.57
-281.27
-281.21
-280.98
-281.05
-281.39
-281.16
-281.46
-281.56
-281.53
-281.32
-281.48
-281.50
-281.40
-281.33
-281.43
-281.61
-281.59
-281.80
-281.49
-281.28
-281.56
-281.58
-281.46
-281.69
-281.20
-280.84
-281.24
-281.33
-281.23
-281.01
-280.97
-281.17
-281.67
-281.65
-281.34
-281.19
-281.26
-281.60
-281.49
-281.23
-281.10
-281.29
-281.08
-281.17
-281.69
-281.57
-281.37
-281.09
-280.98
-281.46
-281.62
-281.22
-281.20
-281.15
-281.11
-281.01
-281.13
-281.33
-281.06
-281.05
-281.35
-281.43
-281.17
-281.20
-281.49
-281.18
-280.78
-281.34
-281.67
-281.51
-281.45
-281.40
-281.09
-281.10
-281.17
-281.18
-281.24
-281.12
-281.26
-281.18
-281.05
-281.03
-280.96
-281.11
-281.18
-281.17
-281.23
-281.24
-281.32
-281.43
-281.29
-281.24
-281.40
-281.21
-281.26
-281.02
-281.39
-281.40
-280.98
-280.85
-280.92
-280.79
-281.53
-281.59
-281.30
-281.14
-281.10
-281.00
-281.27
-281.14
-281.14
-281.19
-281.18
-280.68
-280.63
-280.49
-280.28
-280.77
-280.80
-280.45
-280.55
-280.91
-280.93
-280.74
-280.51
-280.60
-280.67
-280.81
-280.66
-280.90
-280.83
-280.78
-280.79
-280.44
-280.49
-280.87
-281.11
-280.80
-280.71
-280.86
-280.86
-281.30
-281.07
-280.88
-280.67
-280.62
-280.91
-280.95
-280.91
-280.77
-280.61
-280.56
-280.43
-280.67
-280.83
-280.70
-280.42
-280.73
-280.92
-281.00
-280.67
-280.58
-280.40
-280.60
-281.08
-280.89
-280.81
-280.80
-280.64
-280.55
-280.78
-280.69
-280.74
-280.84
-280.84
-280.88
-280.58
-280.20
-280.23
-280.64
-280.62
-280.42
-280.35
-280.58
-280.57
-280.32
-280.27
-280.26
-280.26
-280.43
-280.63
-280.64
-280.25
-279.88
-280.07
-280.60
-280.50
-280.19
-280.35
-280.51
-280.40
-280.41
-280.16
-280.34
-280.58
-280.52
-280.40
-280.15
-280.23
-280.27
-280.04
-280.12
-280.15
-280.09
-280.12
-279.84
-279.96
-280.06
-280.01
-280.10
-279.98
-280.10
-279.95
-279.96
-279.98
-279.96
-280.27
-280.15
-280.07
-280.30
-280.05
-279.76
-279.93
-280.10
-280.12
-280.17
-280.21
-280.51
-280.40
-280.13
-280.35
-280.41
-280.28
-280.33
-280.21
-280.25
-280.35
-280.34
-280.41
-280.15
-280.05
-280.18
-280.29
-280.14
-280.27
-280.14
-279.80
-279.94
-280.18
-280.34
-280.06
-279.66
-280.10
-280.00
-280.24
-280.35
-280.22
-280.06
-280.23
-280.40
-280.08
-279.90
-280.12
-280.26
-280.14
-280.43
-280.48
-280.03
-280.26
-280.12
-280.19
-280.47
-280.71
-280.62
-280.41
-280.72
-280.27
-280.01
-280.14
-280.19
-280.27
-280.14
-280.24
-280.12
-279.92
-279.75
-280.49
-280.76
-280.42
-280.18
-280.58
-280.55
-280.38
-280.52
-280.28
-280.62
-280.67
-280.01
-279.89
-280.28
-280.13
-280.49
-280.46
-280.71
-280.67
-280.39
-280.26
-280.34
-280.11
-280.38
-280.49
-280.85
-280.52
-280.30
-280.50
-280.50
-280.69
-280.34
-280.28
-280.48
-280.35
-280.06
-280.25
-280.61
-280.82
-280.70
-280.73
-280.80
-280.68
-280.38
-280.12
-280.50
-280.58
-280.14
-280.47
-280.30
-280.22
-280.39
-280.44
-280.24
-280.24
-280.21
-280.28
-280.23
-280.19
-280.27
-280.13
-279.98
-280.65
-280.53
-280.19
-279.95
-280.21
-280.45
-280.26
-280.00
-273.54
-162.40
-42.77
-169.13
-267.65
-213.79
6.75
81.84
61.24
28.58
3.56
2.80
3.12
3.18
3.04
2.89
3.36
3.00
2.95
3.34
3.59
3.40
3.27
2.94
2.83
3.01
3.02
2.99
3.11
3.02
3.04
3.08
3.16
2.98
2.86
3.08
3.38
3.47
3.20
2.87
3.05
3.11
3.17
3.28
2.91
2.88
2.90
3.10
3.37
3.15
3.12
3.21
3.03
3.15
3.08
3.09
2.93
3.13
3.29
3.50
3.62
3.19
2.81
2.77
3.06
3.24
3.09
3.33
3.57
3.50
2.97
2.75
3.04
3.13
3.05
3.32
3.11
3.16
3.21
3.46
3.22
3.02
3.06
2.98
3.32
3.48
3.56
3.54
3.00
2.97
3.21
3.02
3.38
3.27
3.21
2.97
2.82
3.25
3.45
3.31
3.00
2.96
3.43
3.50
3.28
3.20
3.21
3.23
3.16
3.35
3.03
3.20
3.38
3.12
2.91
2.76
2.70
2.77
2.73
2.88
2.94
2.42
2.57
2.94
2.99
2.63
2.71
2.83
2.92
3.00
2.92
2.74
2.55
2.79
2.66
2.80
2.79
2.62
2.71
2.90
2.88
3.17
3.25
2.94
3.33
3.15
2.51
2.67
2.89
2.86
3.57
10.89
4.70
14.16
22.49
6.08
17.78
24.46
27.48
25.71
7.34
2.74
3.30
3.34
2.79
2.52
2.66
2.90
2.80
3.00
2.81
2.76
2.92
2.94
3.12
3.06
2.90
2.85
2.76
2.65
2.60
2.77
2.92
2.86
2.89
2.99
2.98
2.90
2.60
2.75
2.57
2.32
2.70
2.56
2.62
2.53
2.39
2.48
2.59
2.60
2.62
2.50
2.65
2.68
2.69
2.63
2.89
2.78
2.84
2.95
2.64
2.29
2.69
2.69
2.51
2.72
2.90
2.62
2.48
2.62
2.69
2.07
2.11
2.51
2.57
2.42
2.69
2.64
2.58
2.40
2.50
2.57
2.47
2.09
2.24
2.38
2.18
1.99
2.30
2.53
2.70
2.56
2.38
2.35
2.23
2.13
2.16
1.94
1.83
1.79
2.12
2.33
2.53
1.79
1.54
2.09
2.49
2.63
2.55
2.48
2.17
2.22
2.40
2.39
2.42
2.53
2.32
2.22
2.30
2.25
2.21
2.65
2.77
2.51
2.38
2.29
2.70
2.57
2.40
2.68
2.40
2.57
2.94
2.69
2.55
2.45
2.22
2.38
3.00
2.81
2.57
2.64
2.60
2.83
2.64
2.36
2.42
2.87
3.14
3.16
2.79
2.58
2.72
2.80
2.88
2.69
2.78
2.98
2.75
2.88
2.75
3.02
3.22
2.89
2.77
2.73
3.01
3.12
3.09
3.06
2.91
2.80
2.76
2.88
2.91
2.79
2.90
2.80
2.77
2.96
3.04
3.10
3.25
3.06
2.70
2.97
2.98
2.83
2.74
2.74
2.68
3.17
2.91
2.91
2.95
3.03
3.04
2.97
3.11
2.90
2.72
2.72
2.92
2.90
2.91
2.90
2.76
2.64
2.79
3.20
3.29
2.94
2.85
2.78
2.85
3.00
3.12
2.98
2.86
3.00
3.24
3.20
3.08
3.23
3.23
3.00
3.22
3.30
3.04
2.91
2.79
3.22
3.15
2.96
3.07
3.07
2.96
3.01
2.85
3.06
3.22
3.16
2.98
3.26
3.29
3.16
3.20
3.23
3.15
3.20
3.50
3.42
3.59
3.59
3.34
2.98
3.04
3.16
2.94
2.94
3.05
3.16
3.33
3.18
3.22
3.08
3.00
3.13
3.28
3.48
3.33
3.32
3.15
3.30
3.19
3.10
3.31
3.55
3.43
3.34
3.40
3.40
3.37
3.51
3.44
3.54
3.56
3.31
3.41
3.30
3.97
4.10
3.85
3.42
3.50
3.65
3.46
3.78
3.88
3.75
3.95
4.00
3.52
3.56
3.70
3.57
3.55
3.81
3.33
3.17
3.30
3.35
3.48
3.21
3.50
3.82
3.98
3.80
3.78
3.76
3.72
3.76
3.96
4.05
3.98
3.89
3.70
3.47
3.62
3.78
4.06
3.90
3.69
3.59
3.88
4.20
3.88
3.66
3.70
3.70
3.57
3.74
3.93
3.58
3.67
3.95
3.77
4.05
3.93
3.58
3.96
3.84
3.60
3.57
3.88
3.94
3.68
3.72
4.09
3.99
3.87
3.79
3.80
3.76
3.67
3.48
3.79
3.60
3.42
3.55
3.48
3.69
3.68
3.70
3.55
3.62
3.50
3.84
3.89
3.67
3.37
3.50
3.82
3.86
3.48
3.10
3.23
3.67
3.60
3.58
3.72
3.47
3.50
3.62
3.47
2.96
2.89
3.18
3.63
3.55
3.36
2.99
3.18
3.21
3.02
3.07
3.41
3.33
3.13
3.29
3.41
3.08
2.92
2.79
2.85
2.95
2.83
3.07
3.26
2.99
2.87
2.82
2.68
2.45
2.73
2.67
2.83
2.80
2.66
2.46
2.66
2.41
2.17
2.42
2.52
2.82
2.87
2.36
2.44
2.48
2.50
2.44
2.80
2.74
2.31
2.32
2.32
2.60
2.70
2.75
2.14
2.10
2.10
2.44
2.31
2.29
2.17
1.87
2.22
2.31
2.33
2.45
2.09
1.98
1.99
2.25
2.10
2.04
2.04
2.05
1.78
1.78
1.75
1.77
1.80
1.99
2.12
1.87
1.76
1.92
1.91
1.87
1.60
1.70
1.70
1.50
1.56
1.61
2.02
1.74
1.60
2.09
2.06
1.89
1.81
1.59
1.88
1.83
1.72
1.76
1.83
1.76
1.50
1.74
1.47
1.56
1.97
1.55
1.56
2.01
1.99
1.71
1.61
1.81
1.64
1.71
1.55
1.63
1.64
1.64
1.88
1.84
1.44
1.51
1.74
2.05
1.93
1.61
1.41
1.66
1.99
1.57
1.45
1.48
1.78
1.97
1.80
1.63
1.51
1.65
1.66
1.61
1.75
1.95
1.98
1.90
1.60
1.63
1.96
1.83
2.05
2.06
2.06
2.20
1.96
1.59
1.80
2.09
2.00
1.90
1.87
1.80
2.12
2.17
1.84
2.00
2.08
1.95
1.60
1.66
1.92
2.09
2.11
1.88
2.00
1.90
1.85
2.37
1.99
1.93
1.88
1.77
1.61
1.84
1.68
1.80
1.59
1.72
1.80
1.42
1.65
1.58
1.66
2.00
1.99
1.67
1.63
1.85
1.71
1.85
2.18
2.20
2.21
2.12
1.85
1.90
1.79
1.86
2.18
2.13
2.08
1.94
2.21
2.09
2.07
2.05
1.81
1.61
1.72
1.83
1.91
2.20
2.03
1.84
1.90
1.86
1.60
1.66
1.87
2.21
2.01
1.77
1.68
2.14
2.28
2.12
2.09
1.83
1.91
2.08
1.64
1.50
1.70
1.75
1.79
1.66
1.91
2.13
2.24
2.08
1.83
1.79
1.81
1.53
1.74
1.48
1.55
1.88
1.88
1.92
1.96
1.90
1.88
2.17
2.24
2.02
2.04
2.01
1.87
2.14
1.93
1.77
1.89
1.82
2.25
2.14
1.86
1.64
1.79
1.70
1.65
1.90
2.08
1.98
1.90
2.01
2.03
1.91
1.79
2.01
2.17
2.18
1.88
1.87
1.88
1.81
1.92
2.08
1.81
1.86
2.12
2.02
1.77
1.86
1.97
2.05
2.21
1.84
1.93
2.00
1.92
1.95
2.09
1.93
1.73
1.74
1.68
1.95
2.20
1.86
1.52
1.81
1.86
1.73
1.90
1.69
1.59
1.34
1.46
1.70
1.76
1.77
1.75
1.73
1.49
1.66
1.44
1.63
1.84
1.97
1.98
1.77
1.70
1.90
1.73
1.64
1.59
1.56
1.73
1.96
1.81
1.83
1.41
1.65
1.78
1.38
1.40
1.23
1.27
1.68
1.49
1.49
1.64
1.32
1.01
1.63
1.68
1.78
1.88
1.29
1.22
1.70
1.62
1.65
1.55
1.29
1.33
1.37
1.51
1.33
1.52
1.63
1.63
1.87
2.02
1.80
1.60
1.70
1.62
1.47
1.57
1.51
1.20
1.23
1.53
1.46
1.46
1.61
1.46
1.42
1.00
1.54
1.63
1.69
2.02
2.04
1.86
1.92
1.84
1.92
1.91
2.40
2.30
2.14
2.35
2.10
1.36
1.39
1.76
1.68
1.80
1.76
1.88
1.76
1.67
1.81
1.74
2.08
2.20
1.76
1.80
1.92
1.97
1.88
1.92
2.04
2.19
2.22
2.06
2.13
2.07
2.16
2.24
2.05
2.20
1.98
2.06
2.01
2.06
2.01
1.87
2.31
2.57
2.15
2.20
2.52
2.59
2.31
2.38
2.29
2.42
2.42
2.31
2.27
2.35
2.38
2.34
2.18
2.28
2.10
2.00
2.55
2.63
2.27
2.46
2.70
2.68
2.70
2.70
2.59
2.79
2.77
2.70
2.70
2.44
2.51
3.01
2.66
2.69
2.22
2.35
2.77
2.74
2.93
2.66
2.49
2.30
2.46
2.91
2.70
3.09
3.06
2.80
2.58
2.70
2.82
2.94
2.61
2.57
2.92
2.71
2.57
2.65
2.68
2.74
2.60
2.25
2.80
3.14
3.11
2.71
2.52
2.90
2.71
2.54
2.70
2.93
2.55
2.62
2.87
2.61
2.57
2.73
2.86
2.75
2.72
2.83
2.82
3.01
3.06
3.24
2.91
3.04
3.25
3.35
3.49
3.40
3.13
3.17
3.42
3.36
3.44
3.33
3.33
3.01
3.03
3.30
3.33
2.98
2.97
3.03
3.24
3.33
3.52
3.39
3.35
3.14
3.03
3.16
3.01
2.97
